I VALORI DATI SONO V*g
coefficenti rette disegnate alcool n1:
min: 8436.492573994066
max:9257.83488319737
fit: 8847.163728595719 ± 410.67115460165223
chi quadro retta: 8820.331500026552 ± 647.7225001319584

coefficenti rette disegnate alcool n2:
min: 8000.25586456708
max: 9381.57305054729
fit: 8690.914457557185 ± 690.6585929901048

coefficenti rette disegnate acqua e sale n1:
min: 12504.451105084569
max: 13653.451273294148
fit: 13078.951189189358 ± 574.5000841047895
coefficenti rette disegnate acqua e sale n2:
min: 12059.252049332279
max: 13586.64371892355
fit: 12822.947884127914 ± 763.6958347956352
